0 623.5564575195312 142.00794982910156 1.0337203741073608 0.011676871877736842 0.10226599334467082 -0.004054420733698963 0.9946802898122055
1 625.24169921875 142.010986328125 1.0337086915969849 -0.0013578811051794658 0.09229332264252381 -0.002901571143564829 0.9957267093130554
2 626.8211059570312 142.025390625 1.030965805053711 -0.0041126424186898256 0.15762705074875213 -0.04003949878903679 0.9866780820416096
3 628.1483154296875 142.03738403320312 1.0290549993515015 0.014279368301602377 0.1820425777282319 -0.06867754095016722 0.980785396967148
4 629.2676391601562 142.0137939453125 1.030002474784851 0.0020485496636752274 -0.020027042459199226 -0.05595858365587613 0.9982301127144187
5 630.2964477539062 142.01473999023438 1.0303528308868408 -0.001497873788114646 -0.0076732572655630925 -0.047841306904019075 0.9988243523516868
6 621.0576171875 141.69932556152344 1.8340933322906494 -0.003422944241558456 0.35970479519099424 0.010667991615503743 0.9329988948140377
7 622.7427978515625 141.702880859375 1.8339589834213257 0.0034798793376459966 0.3503000494857708 -0.0021818899272267964 0.9366285310230559
8 624.323974609375 141.7113037109375 1.83454167842865 0.04108644744391921 0.4103803622220173 -0.0209870212948177 0.9107466206778563
9 625.6522216796875 141.72142028808594 1.8351441621780396 0.055526438096914564 0.43395963889919514 -0.017327683462565822 0.8990526112884446
10 626.7689819335938 141.71560668945312 1.8349263668060303 0.04986719610504616 0.24344030393259128 -0.0008324912246248893 0.9686327416168573
11 627.7976684570312 141.71539306640625 1.8345156908035278 0.043906275299445525 0.25493924574638305 -0.005103950795599784 0.9659462560897841