0 -1.9080902347923256e-05 6.12609219388105e-05 -3.2522853871341795e-05 -6.733438203809783e-05 6.055079575162381e-05 0.0001548968139104545 0.9999580979347229
1 -0.07058092951774597 0.020075850188732147 -0.10513941198587418 0.002854815451428294 0.923683762550354 0.021680070087313652 0.2551952600479126
2 0.0001124422560678795 -9.040047734742984e-05 -0.0005138922715559602 -0.00025136477779597044 -0.00018239478231407702 0.00011930646724067628 1.0000296831130981
3 -0.07734672725200653 0.01925317943096161 -0.08719055354595184 0.0029641231521964073 0.9182618856430054 0.020578088238835335 0.2550356686115265
4 -6.411541107809171e-06 -3.879719952237792e-05 -0.000580867228563875 -7.700543210376054e-05 0.0001528346328996122 -3.608964107115753e-05 1.0000324249267578
5 -0.07176116853952408 0.0195112656801939 -0.08271309733390808 0.002115481300279498 0.9208889007568359 0.021186957135796547 0.2549603283405304
6 -8.193864778149873e-05 9.111114195547998e-06 -0.00019974229508079588 3.067821671720594e-05 0.0002537235850468278 8.692053961567581e-05 1.0000406503677368
7 -0.07401810586452484 0.019831374287605286 -0.08946462720632553 0.0026342219207435846 0.9283466339111328 0.020454581826925278 0.2506057620048523
8 7.181789260357618e-05 1.8121103494195268e-05 -0.00010677658428903669 -1.2695519217231777e-05 0.00016646430594846606 -7.018065662123263e-05 1.0000540018081665
9 -0.07899026572704315 0.019571037963032722 -0.07324280589818954 0.0023626305628567934 0.9240128397941589 0.019700875505805016 0.25330495834350586
10 9.127925295615569e-05 6.673927418887615e-05 0.00013044258230365813 0.00012976425932720304 3.350173938088119e-05 -2.0338520698715e-06 1.0000578165054321
11 -0.08557632565498352 0.020719360560178757 -0.09706614166498184 0.0017987422179430723 0.9219627976417542 0.020063459873199463 0.2530249357223511
12 0.00011001501843566075 3.493469921522774e-05 -6.367983587551862e-05 0.0003459386934991926 8.560607966501266e-05 1.6480940757901408e-05 1.000059962272644
13 -0.08116450160741806 0.020019544288516045 -0.07957528531551361 0.002606914844363928 0.916420042514801 0.019312668591737747 0.253100723028183
14 0.00019475545559544116 6.963288615224883e-05 0.00019437829905655235 0.00020338814647402614 1.4826684491708875e-05 -3.350230326759629e-05 1.0000677108764648
15 -0.07449057698249817 0.018560152500867844 -0.05575420334935188 0.001656001666560769 0.9208659529685974 0.01867346093058586 0.2522869110107422
16 0.00021334044868126512 4.5414199121296406e-05 0.00015696760965511203 0.0003202960651833564 0.00020988105097785592 0.00018287247803527862 1.0000609159469604
17 -0.07115346938371658 0.017310047522187233 -0.05391142517328262 0.0014791733119636774 0.9013278484344482 0.01784253492951393 0.26847606897354126
18 -4.9934431444853544e-05 3.197458136128262e-05 0.00033165467903018 0.00016070438141468912 0.00044265310862101614 1.3608259905595332e-06 1.0000898838043213
19 -0.09402241557836533 0.01952429488301277 -0.054556705057621 0.002168686129152775 0.9020717740058899 0.01848834566771984 0.26944151520729065
20 -0.0771554708480835 0.010478568263351917 0.2256738245487213 0.006025728303939104 0.44993871450424194 0.01314757950603962 0.8621231913566589
21 -0.201995387673378 0.02185814455151558 -0.08508473634719849 0.004473139997571707 -0.5938196182250977 -0.011786398477852345 0.7955210208892822
22 -0.06731828302145004 0.011878663673996925 0.2192840427160263 0.005923812743276358 0.4543570876121521 0.012971654534339905 0.859552264213562
23 -0.20812220871448517 0.019634047523140907 -0.11143386363983154 0.004330595023930073 -0.6034587025642395 -0.012607517652213573 0.7909346222877502
24 -0.05796801298856735 0.010745963081717491 0.19882819056510925 0.005710626021027565 0.467868447303772 0.013688340783119202 0.8539578318595886
25 -0.22264926135540009 0.021628890186548233 -0.10477053374052048 0.0038393570575863123 -0.597866415977478 -0.012246433645486832 0.7937295436859131
26 -0.058988846838474274 0.011413299478590488 0.18301017582416534 0.005933547392487526 0.45950794219970703 0.014622402377426624 0.8567057251930237
27 -0.23574228584766388 0.02022353559732437 -0.12778891623020172 0.003907299600541592 -0.6002972722053528 -0.011907806620001793 0.7927378416061401
28 -0.04991348832845688 0.011481184512376785 0.17064976692199707 0.005902905482798815 0.4669843316078186 0.01469248253852129 0.8540034890174866
29 -0.2215576469898224 0.021131498739123344 -0.1067182868719101 0.0040353769436478615 -0.6014664769172668 -0.012618809007108212 0.7922109961509705
30 -0.03988546133041382 0.01123502291738987 0.17063893377780914 0.005179570056498051 0.47320425510406494 0.01489525381475687 0.8511855006217957
31 -0.21885815262794495 0.020830638706684113 -0.10512352734804153 0.0037681348621845245 -0.6032291054725647 -0.012449024245142937 0.790747880935669
32 -0.034525904804468155 0.011426234617829323 0.15528184175491333 0.005440247245132923 0.4792500436306 0.013973203487694263 0.8468128442764282
33 -0.23226231336593628 0.02170669287443161 -0.10647626966238022 0.003755344543606043 -0.5986788868904114 -0.012089117430150509 0.794081449508667
34 -0.04560297727584839 0.010568180121481419 0.15480156242847443 0.005715237930417061 0.4831790328025818 0.014873100444674492 0.8469794392585754
35 -0.22594799101352692 0.02023615874350071 -0.10657946765422821 0.0038460460491478443 -0.6007317900657654 -0.01131364144384861 0.7920534014701843
36 -0.04981929063796997 0.011161007918417454 0.19626158475875854 0.005385556723922491 0.4683672785758972 0.013924662955105305 0.8540610074996948
37 -0.2203412503004074 0.019678836688399315 -0.11314462870359421 0.003942337352782488 -0.6011319756507874 -0.011719255708158016 0.7929578423500061
38 -0.038458872586488724 0.010319219902157784 0.14663366973400116 0.0054256487637758255 0.475790798664093 0.014490973204374313 0.8502333760261536
39 -0.2375234067440033 0.020551523193717003 -0.09243599325418472 0.0036532029043883085 -0.5952255725860596 -0.012350340373814106 0.796283483505249